0.000730724 0
0.193876 0
0.000949269 0
0.000159335 0
0.00019495 0
0.0124725 0
0.00256806 0
0.000718011 0
0.112846 0
0.00980364 0
0.123319 0
0.694492 0
0.0537391 0
0.00832981 0
0.0462113 0
0.0157002 0
0.00017877 0
0.000627285 0
0.0566795 0
0.00233304 0
0.0231068 0
0.00815601 0
0.00576173 0
0.00451979 0
0.00268294 0
0.000946524 0
0.0351556 0
0.00933523 0
0.000332883 0
0.0275564 0
0.00198591 0
0.00028155 0
5.97312e-05 0
0.237998 0
0.00691721 0
0.0561185 0
0.0372954 0
0.000441976 0
2.926e-05 0
1.20735e-05 0
4.91783e-07 0
0.00290167 0
0.00220374 0
2.46451e-07 0
2.86256e-08 0
0.000137851 0
2.6385e-05 0
3.3414e-05 0
0.00240729 0
0.000927874 0
0.00227797 0
6.5954e-05 0
1.70661e-05 0
0.0071173 0
0.00325998 0
0.0072062 0
0.0170268 0
0.0355105 0
0.300873 0
0.00365634 0
0.789567 0
0.344095 0
0.575061 0
0.0116072 0
0.0375881 0
0.693286 0
0.00245576 0
1.53784e-05 0
0.144937 0
0.182311 0
0.0347887 0
0.433325 0
0.0947976 0
0.0293279 0
0.000164362 0
0.466214 0
0.745327 0
0.0899207 0
0.149405 0
0.0278124 0
0.00517954 0
0.474961 0
0.000109436 0
0.000815443 0
0.00540705 0
0.0848404 0
0.964314 0
0.137946 0
0.000551779 0
0.794421 0
0.0151422 0
0.16392 0
0.0155723 0
0.00923312 0
0.0272468 0
0.292626 0
0.944571 0
0.588734 0
0.147772 0
0.0176828 0
0.313048 0
0.127917 0
0.902791 0
0.00626759 0
0.0574649 0
0.537501 0
0.188172 0
0.295898 0
0.666275 0
0.000673921 0
0.0007075 0
1.43685e-05 0
4.46462e-06 0
6.88253e-05 0
1.13159e-06 0
2.76599e-05 0
0.0134957 0
0.000248025 0
0.000528119 0
6.14918e-05 0
0.000168824 0
0.00956014 0
7.39239e-06 0
0.00562045 0
0.292197 0
0.181227 0
0.469201 0
0.258386 0
0.0273568 0
0.259045 0
0.973213 0
0.0905014 0
0.00253028 0
0.00472345 0
0.000827925 0
0.0148357 0
0.667844 0
0.967787 0
0.301121 0
0.691758 0
0.435165 0
0.312183 0
0.151806 0
0.0194163 0
1.11658e-05 0
0.00389438 0
0.000931082 0
0.00204772 0
0.124438 0
0.0162037 0
0.0747576 0
0.0280632 0
1.01897e-05 0
0.0236529 0
0.46334 0
0.922714 0
0.867797 0
0.000785176 0
0.00498244 0
4.10259e-06 0
0.00575327 0
0.000160296 0
2.73828e-06 0
0.000101437 0
0.00206602 0
0.00029931 0
0.0541431 0
0.000230158 0
0.00276238 0
0.271712 0
0.75373 0
0.614059 0
2.97476e-05 0
0.00055324 0
0.000498872 0
0.373296 0
0.0557436 0
0.00123446 0
8.02802e-05 0
0.00147003 0
0.00307062 0
0.0322092 0
0.107024 0
0.0162615 0
0.0290438 0
0.743792 0
0.0243025 0
0.371577 0
0.492964 0
0.000616915 0
0.18639 0
0.038835 0
0.030101 0
0.000125505 0
0.000153458 0
0.00318523 0
0.00359102 0
6.82512e-05 0
0.00071589 0
0.000147695 0
4.8015e-06 0
0.000772103 0
0.0162059 0
0.00153928 0
0.0834493 0
4.89438e-05 0
7.29582e-06 0
0.000377402 0
0.00123055 0
0.00123055 0
0.0189161 0
0.000454078 0
1.20333e-06 0
0.000345153 0
0.000345153 0
0.0269224 0
7.0688e-05 0
0.000889297 0
0.00442673 0
0.00442673 0
0.0101738 0
0.0101738 0
0.000252202 0
0.0040806 0
0.000229408 0
0.0296557 0
1.18866e-05 0
0.000580773 0
0.0010252 0
0.0095433 0
0.0278523 0
0.0043584 0
0.00366688 0
0.00683645 0
0.00453806 0
0.000229509 0
0.000239527 0
0.0132747 0
0.00164829 0
0.000262093 0
0.00369836 0
0.0251044 0
0.00121494 0
0.0127926 0
0.0116826 0
1.12481e-05 0
3.36176e-07 0
4.12341e-07 0
0.000121759 0
0.0159769 0
0.159657 0
0.00959106 0
0.00795053 0
0.0178929 0
1.46112e-05 0
0.000470546 0
0.0098828 0
8.04878e-05 0
0.00107498 0
1.06185e-05 0
4.02108e-06 0
0.0282586 0
0.00508605 0
0.000510004 0
0.035865 0
0.000501451 0
0.00929988 0
0.00159445 0
1.48324e-05 0
0.000164386 0
0.0399111 0
0.00147811 0
0.00359667 0
0.00166307 0
0.000173899 0
0.00422081 0
4.11106e-07 0
6.90271e-08 0
5.42312e-06 0
7.67684e-06 0
4.87786e-05 0
3.12561e-06 0
3.67698e-06 0
6.34483e-07 0
5.71556e-06 0
0.00109888 0
0.000101286 0
7.57888e-05 0
0.000106545 0
1.604e-05 0
0.02356 0
0.0967749 0
0.00573007 0
0.00423529 0
0.00115539 0
0.00069332 0
0.0109387 0
0.0190521 0
0.00344976 0
0.00168621 0
0.385707 0
0.00829908 0
0.00556901 0
0.00677731 0
0.0473755 0
0.0484713 0
0.0995601 0
0.114816 0
0.0549195 0
0.0705467 0
0.00124814 0
0.00660597 0
0.00317686 0
0.000586219 0
0.00697164 0
0.0085983 0
0.0065523 0
0.0694911 0
0.0504298 0
0.00590543 0
0.0187974 0
0.00107698 0
0.00078916 0
0.00336055 0
0.0425127 0
0.00220885 0
0.00679071 0
0.00423045 0
0.00644185 0
0.00163056 0
0.00231385 0
0.00231776 0
0.0014884 0
0.00148938 0
0.00106318 0
0.000716303 0
0.00181093 0
0.00547244 0
0.128948 0
0.00201331 0
0.00541705 0
0.00514967 0
0.00184871 0
0.13705 0
0.0504207 0
0.044964 0
0.770228 0
0.344261 0
0.323411 0
0.0332203 0
0.00010875 0
3.68499e-06 0
7.33224e-05 0
0.000885103 0
0.000769712 0
0.00469126 0
0.00976168 0
0.000138949 0
9.28752e-05 0
6.58478e-05 0
0.106357 0
0.120228 0
0.00225645 0
0.123899 0
0.0291723 0
0.0042661 0
0.00407695 0
1.24771e-05 0
0.586275 0
0.00917896 0
0.00237192 0
0.220636 0
0.147323 0
0.281555 0
0.180117 0
0.236566 0
0.747368 0
0.130787 0
0.0145604 0
0.923889 0
0.951021 0
0.011512 0
0.00459904 0
0.00614044 0
0.078957 0
0.045483 0
0.0145109 0
0.0558226 0
0.0696098 0
0.0572914 0
7.98124e-06 0
0.00674997 0
0.0508442 0
0.872451 0
0.0620579 0
0.711906 0
0.105072 0
0.0146871 0
0.0760772 0
0.00182722 0
0.868277 0
0.733716 0
0.125849 0
0.0168395 0
0.791982 0
0.175978 0
0.637843 0
0.000127603 0
0.0575618 0
0.314065 0
0.0569755 0
0.206897 0
0.0533735 0
0.142256 0
0.0579733 0
0.00192269 0
0.00500718 0
0.12689 0
0.350047 0
0.36992 0
0.136562 0
0.0154633 0
0.0145604 0
0.00223142 0
0.000153745 0
0.230841 0
0.00179422 0
0.223263 0
0.533878 0
0.0979758 0
0.233374 0
0.0553925 0
0.126393 0
0.167817 0
0.00594543 0
0.0146753 0
0.0027966 0
0.0713332 0
0.0257385 0
0.164099 0
0.738044 0
0.957127 0
0.412226 0
0.065819 0
0.324961 0
2.2594e-05 0
0.0748596 0
0.0621244 0
0.0787664 0
0.813359 0
0.240556 0
0.00376031 0
0.0878815 0
0.830258 0
0.00224665 0
0.955329 0
0.0794058 0
0.995295 0
0.166987 0
0.00301783 0
0.0304908 0
0.518867 0
0.115613 0
0.678455 0
0.173017 0
0.084699 0
0.246648 0
0.0103688 0
0.00812306 0
0.0954681 0
0.690245 0
0.00216243 0
0.0493254 0
9.4369e-05 0
0.000370961 0
0.0138033 0
0.370994 0
0.0936937 0
0.497692 0
0.012182 0
0.27545 0
0.0284407 0
0.544955 0
0.296675 0
0.723615 0
0.529389 0
0.000381047 0
0.231587 0
0.0531392 0
0.00655635 0
0.0158935 0
0.405426 0
0.682618 0
0.0138492 0
0.136365 0
0.123902 0
0.481626 0
0.0248868 0
0.1142 0
0.000922153 0
0.0123819 0
0.00711012 0
0.969839 0
0.256186 0
0.00275017 0
0.00449573 0
0.602899 0
0.100287 0
0.577719 0
0.00570868 0
0.0201303 0
0.0630863 0
0.410279 0
0.186643 0
0.00733537 0
0.00426525 0
0.316454 0
0.213147 0
0.710976 0
0.0079841 0
0.0346628 0
0.467299 0
0.00352671 0
0.0107921 0
0.00562094 0
0.0014207 0
0.00332957 0
0.000538262 0
0.246644 0
0.0663444 0
0.89062 0
0.433156 0
0.00212394 0
0.0079694 0
0.254672 0
0.0125806 0
0.0656611 0
0.208282 0
0.0151017 0
1.89068e-05 0
9.8345e-06 0
0.32538 0
0.128833 0
0.017807 0
0.178488 0
0.367796 0
0.00228597 0
0.294822 0
0.469754 0
0.991106 0
0.921705 0
0.201814 0
0.656531 0
0.00397807 0
0.391377 0
0.0107208 0
0.152848 0
0.931393 0
0.00636658 0
0.00126669 0
0.0799766 0
0.161449 0
0.32514 0
0.00362289 0
0.72774 0
0.492658 0
0.159067 0
0.000590122 0
0.0783732 0
0.831118 0
0.147801 0
0.0888501 0
0.39609 0
0.000160992 0
0.0665905 0
0.188536 0
0.484192 0
0.00982301 0
0.0809206 0
0.0101477 0
0.0164772 0
0.403737 0
0.40019 0
0.000173973 0
0.16389 0
0.152429 0
0.930163 0
0.00750374 0
0.849786 0
0.00407488 0
0.863783 0
0.183551 0
0.0921718 0
0.00605913 0
0.875381 0
0.875501 0
0.0455458 0
0.915694 0
0.329936 0
0.0139434 0
0.333639 0
0.162036 0
0.358173 0
0.00778289 0
0.744556 0
0.910067 0
0.634369 0
0.559959 0
0.519971 0
0.108255 0
0.150895 0
0.0486526 0
0.310863 0
0.987591 0
0.00358323 0
0.0834375 0
0.220968 0
0.844994 0
0.255297 0
0.520164 0
0.313403 0
0.0832647 0
0.148305 0
0.00964565 0
0.049563 0
0.723668 0
0.00343347 0
0.889826 0
0.000526706 0
8.72159e-06 0
0.000799246 0
2.32354e-05 0
1.93926e-05 0
6.70366e-07 0
1.35888e-05 0
6.23047e-05 0
0.0655703 0
0.0331606 0
0.00121831 0
0.077986 0
0.101944 0
0.00318392 0
0.044831 0
0.000380868 0
0.129918 0
0.162352 0
0.00162879 0
0.0399353 0
0.000732732 0
0.00107447 0
0.00739287 0
0.183826 0
1.17926e-05 0
0.00039921 0
0.983083 0
0.46862 0
0.0597755 0
0.000243307 0
0.860616 0
0.0106586 0
0.172045 0
0.00300257 0
0.889517 0
0.0597431 0
0.255203 0
0.00482115 0
0.0929968 0
0.818449 0
0.986223 0
0.325949 0
0.0150071 0
0.895986 0
0.758503 0
0.13444 0
0.0365351 0
0.265991 0
0.97121 0
0.15107 0
0.00643004 0
0.210696 0
0.0191301 0
0.0821746 0
0.692174 0
0.0371811 0
0.0523879 0
0.0180609 0
0.0295687 0
0.17057 0
0.00893195 0
0.0298927 0
0.000625674 0
0.406486 0
0.0682732 0
0.078104 0
0.762568 0
0.535005 0
8.34795e-05 0
0.00560338 0
0.164476 0
0.502173 0
0.0199491 0
0.0290319 0
0.0884771 0
0.318474 0
0.583185 0
0.177724 0
0.372174 0
0.14106 0
0.114883 0
0.00578855 0
0.0365494 0
0.0544561 0
0.248634 0
0.234566 0
0.157861 0
0.334994 0
0.000468849 0
0.194615 0
0.03156 0
0.049653 0
0.325398 0
0.0209637 0
0.0010135 0
0.92571 0
0.433443 0
0.378566 0
0.385196 0
0.00361909 0
0.0526042 0
0.0051081 0
0.00662663 0
0.0378941 0
0.951361 0
0.0697671 0
0.0230426 0
0.0488657 0
0.0132142 0
0.283067 0
0.561579 0
0.0338525 0
1.54623e-05 0
0.608529 0
0.0186419 0
0.922153 0
0.128462 0
0.0736721 0
0.200504 0
0.00150464 0
0.899405 0
0.855143 0
7.00293e-05 0
0.00197908 0
0.00138255 0
0.12635 0
0.00248114 0
0.318212 0
0.25357 0
0.066727 0
0.205099 0
0.0113848 0
0.531068 0
0.425067 0
0.217926 0
0.874102 0
0.196631 0
0.0238 0
0.130106 0
0.383262 0
0.385031 0
0.000607226 0
0.319277 0
0.849501 0
0.0211301 0
0.0199033 0
0.0138267 0
0.714692 0
0.0368225 0
0.202636 0
1.17243e-05 0
0.214574 0
0.849925 0
0.00611752 0
0.0877772 0
0.22235 0
0.113012 0
0.0964121 0
0.0088353 0
0.0353696 0
0.19401 0
0.356757 0
0.2094 0
0.0733029 0
0.00967121 0
0.151528 0
0.910208 0
0.0774949 0
0.251514 0
0.961689 0
0.887438 0
0.456862 0
0.148348 0
0.0129237 0
0.186374 0
0.196058 0
0.00509568 0
0.653664 0
0.0612819 0
0.00147196 0
0.00249864 0
0.804931 0
0.400577 0
0.135589 0
0.171949 0
0.0122265 0
0.589868 0
0.0497927 0
0.739402 0
0.952834 0
0.0943762 0
0.0787349 0
0.5235 0
0.0672482 0
0.429243 0
0.00238612 0
0.00436093 0
0.08403 0
0.00743631 0
0.420571 0
0.164437 0
0.570148 0
0.00037243 0
0.902394 0
0.520734 0
0.177247 0
0.000547569 0
0.356139 0
0.336476 0
0.000105501 0
0.295989 0
0.78368 0
0.0938335 0
0.0454177 0
0.806708 0
0.170594 0
0.00964115 0
0.0125055 0
0.199995 0
0.12867 0
0.833299 0
0.039245 0
0.113597 0
0.174388 0
2.44367e-06 0
0.0338935 0
0.000567284 0
0.15228 0
0.000776934 0
0.796337 0
0.949193 0
0.000175308 0
0.000111693 0
0.0378481 0
0.00675084 0
0.0705315 0
0.000263332 0
0.0608124 0
0.0242747 0
0.00372884 0
0.99029 1
0.997069 1
0.999918 1
0.983958 1
0.995557 1
0.991726 1
0.931211 1
0.981409 1
0.999981 1
0.999812 1
0.998987 1
0.997961 1
0.999939 1
0.999953 1
0.998768 1
0.999991 1
0.998645 1
0.998242 1
0.99998 1
0.998577 1
0.997641 1
0.997535 1
0.999336 1
0.999828 1
0.996226 1
0.998445 1
0.943083 1
0.997065 1
0.999877 1
0.996225 1
0.908661 1
0.996059 1
0.989537 1
0.837577 1
0.999997 1
0.791895 1
0.0425475 1
0.974618 1
0.999455 1
0.963475 1
0.419041 1
0.569275 1
0.999227 1
0.976669 1
0.812528 1
0.994565 1
0.997364 1
0.804659 1
0.814636 1
0.994952 1
0.992839 1
0.99758 1
0.987504 1
0.999958 1
0.999821 1
0.994403 1
0.642918 1
0.97153 1
0.966225 1
0.997049 1
0.6484 1
0.999957 1
0.999819 1
0.998277 1
0.988469 1
0.999935 1
0.999853 1
0.999332 1
0.999596 1
0.838393 1
0.985632 1
0.978094 1
0.999676 1
0.962712 1
0.997179 1
0.990356 1
0.999998 1
0.988515 1
0.997892 1
0.99574 1
0.999893 1
0.984477 1
0.981264 1
0.984937 1
0.996214 1
0.912193 1
0.532715 1
0.99415 1
0.995244 1
0.967333 1
0.825497 1
0.596617 1
0.997458 1
0.987229 1
0.99994 1
0.999972 1
0.980777 1
0.933052 1
0.999601 1
0.999554 1
0.995105 1
0.990421 1
0.961229 1
0.911073 1
0.999999 1
0.912157 1
0.9251 1
0.999681 1
0.999733 1
0.976282 1
0.755422 1
0.996587 1
0.826986 1
0.995914 1
0.99398 1
0.99985 1
0.937653 1
0.99892 1
0.994292 1
0.998985 1
0.999358 1
0.295252 1
0.367642 1
0.453393 1
0.750347 1
0.999991 1
0.778704 1
0.999097 1
0.989131 1
0.989377 1
0.998925 1
0.998523 1
0.715272 1
0.996018 1
0.999629 1
0.971762 1
0.155498 1
0.999948 1
0.993691 1
0.9995 1
0.337619 1
0.999999 1
0.999906 1
0.512188 1
0.989495 1
0.999752 1
0.976665 1
0.976444 1
0.978907 1
0.997713 1
0.994254 1
0.986115 1
0.957573 1
0.904498 1
0.967015 1
0.768485 1
0.999533 1
0.96098 1
0.999917 1
0.999987 1
0.995908 1
0.999516 1
0.819158 1
0.999982 1
0.985983 1
0.999998 1
0.989109 1
0.999912 1
0.412701 1
0.999006 1
0.808523 1
0.999516 1
0.998798 1
0.999734 1
0.152792 1
0.997824 1
0.999772 1
0.991636 1
0.99329 1
0.99884 1
0.99687 1
0.85591 1
0.955875 1
0.874205 1
0.977342 1
0.999898 1
0.99447 1
0.99998 1
0.997177 1
0.996118 1
0.994168 1
0.999595 1
0.419177 1
0.998207 1
0.979861 1
0.958349 1
0.999992 1
0.998505 1
0.99977 1
0.748288 1
0.989938 1
0.999319 1
0.988809 1
0.948477 1
0.346772 1
0.994597 1
0.951598 1
0.598174 1
0.843954 1
0.981227 1
0.999961 1
0.988981 1
0.584228 1
0.997119 1
0.997891 1
0.981512 1
0.689509 1
0.982436 1
0.992836 1
0.999864 1
0.999855 1
0.97008 1
0.999997 1
0.994558 1
0.199099 1
0.975227 1
0.939765 1
0.924502 1
0.999037 1
0.0942872 1
0.991329 1
0.999997 1
0.987624 1
0.999988 1
0.874868 1
0.595424 1
0.862208 1
0.7673 1
0.97724 1
0.929838 1
0.320102 1
0.998147 1
0.985538 1
0.870218 1
0.187497 1
0.970562 1
0.949746 1
0.989593 1
0.884585 1
0.969739 1
0.625165 1
0.390293 1
0.439333 1
0.808067 1
0.0985269 1
0.946677 1
0.986173 1
0.0424182 1
0.0430848 1
0.433318 1
0.995099 1
0.99075 1
0.977009 1
0.0971537 1
0.0105927 1
0.754902 1
0.999789 1
0.999955 1
0.995664 1
1 1
0.998303 1
0.999901 1
0.999999 1
0.999926 1
0.999819 1
0.999612 1
0.99996 1
0.999995 1
0.998913 1
0.996449 1
0.999261 1
0.98821 1
0.984958 1
0.99712 1
0.999553 1
0.999502 1
0.9984 1
0.993992 1
0.953396 1
0.975667 1
0.999587 1
0.999153 1
0.99987 1
0.988854 1
0.999985 1
0.998994 1
0.975327 1
0.949845 1
0.999864 1
0.995856 1
0.314243 1
0.990975 1
0.943265 1
0.999982 1
0.99999 1
0.996925 1
0.999694 1
1 1
0.997416 1
0.99932 1
0.998251 1
0.99991 1
0.999984 1
0.991068 1
0.999999 1
1 1
1 1
0.995725 1
0.993265 1
1 1
0.999998 1
0.999985 1
1 1
0.999999 1
0.991595 1
0.999906 1
0.99639 1
0.996696 1
0.997875 1
0.98424 1
0.936926 1
0.999088 1
0.989246 1
0.999999 1
0.998767 1
0.995931 1
0.998633 1
0.882929 1
0.504068 1
0.993669 1
0.993896 1
0.999793 1
0.990679 1
0.997401 1
0.993638 1
0.995615 1
0.94011 1
0.997089 1
0.999919 1
0.999999 1
0.99939 1
0.999998 1
0.912674 1
0.999986 1
0.750307 1
0.986449 1
0.996658 1
0.855261 1
0.98448 1
0.999985 1
0.976147 1
0.999793 1
0.988218 1
0.995595 1
0.999997 1
0.912346 1
0.997339 1
0.997082 1
0.996717 1
0.999999 1
0.992015 1
0.995919 1
0.959666 1
0.301756 1
0.725342 1
0.989904 1
0.180931 1
0.999501 1
0.947053 1
0.974107 1
0.999277 1
0.868629 1
0.999843 1
0.976399 1
0.686905 1
0.385369 1
0.999987 1
0.997195 1
0.797603 1
0.843724 1
0.867249 1
0.996306 1
0.086537 1
0.664444 1
0.996809 1
0.980873 1
0.256387 1
0.985548 1
0.985129 1
0.996492 1
0.989441 1
0.243534 1
0.998652 1
0.960567 1
0.99846 1
0.991984 1
0.0432184 1
0.499948 1
0.994514 1
0.525592 1
0.999946 1
0.999996 1
0.999312 1
0.982514 1
0.925113 1
0.569683 1
0.985919 1
0.95982 1
0.874827 1
0.986053 1
0.995551 1
0.890373 1
0.846486 1
0.973199 1
0.998736 1
0.621408 1
0.965079 1
0.998984 1
0.994051 1
0.999892 1
0.909493 1
0.950112 1
0.837006 1
0.961229 1
0.999417 1
0.996995 1
0.975226 1
0.999378 1
0.983078 1
0.836219 1
0.919225 1
0.99885 1
0.999999 1
0.999972 1
0.891582 1
0.999983 1
0.0188365 1
0.941974 1
0.89711 1
0.998637 1
0.996635 1
0.958762 1
0.980932 1
0.000585368 1
0.999843 1
0.993579 1
0.914973 1
0.99944 1
0.63962 1
0.999406 1
0.972576 1
0.999615 1
0.862176 1
0.98154 1
0.961306 1
0.670684 1
0.999956 1
0.99357 1
0.995034 1
0.991619 1
0.99951 1
0.999986 1
0.995947 1
0.984709 1
0.99629 1
0.989836 1
0.93637 1
0.962393 1
0.99926 1
0.992934 1
0.999603 1
0.215819 1
0.999721 1
0.98719 1
0.907488 1
0.987193 1
0.745713 1
0.922792 1
0.99172 1
0.995247 1
0.0243483 1
0.998628 1
0.999148 1
0.846486 1
0.989997 1
0.999372 1
0.990163 1
0.98279 1
0.993795 1
0.937426 1
0.9683 1
0.980686 1
0.989895 1
0.0976283 1
0.999338 1
0.98363 1
0.987769 1
0.999211 1
0.442986 1
0.95347 1
0.62111 1
0.998599 1
0.999013 1
0.995336 1
0.980571 1
0.999913 1
0.993161 1
0.995023 1
0.931191 1
0.983903 1
0.954869 1
0.527455 1
0.992635 1
0.960292 1
0.308826 1
0.998639 1
0.922037 1
0.998887 1
0.993448 1
0.985088 1
0.998036 1
0.998023 1
0.604983 1
0.833492 1
0.979016 1
0.361329 1
0.975231 1
0.172347 1
0.999999 1
0.991421 1
0.946991 1
0.994614 1
0.989457 1
0.999999 1
0.991205 1
0.999999 1
0.996484 1
0.962472 1
0.994674 1
0.999666 1
0.985206 1
0.837211 1
0.63095 1
0.991922 1
0.998686 1
0.984405 1
0.248369 1
0.85103 1
0.999627 1
0.999963 1
0.995756 1
0.998508 1
0.604747 1
0.998249 1
0.436678 1
0.906515 1
0.97551 1
0.928545 1
0.945426 1
0.999739 1
0.918693 1
0.884497 1
0.993167 1
0.999627 1
0.815834 1
0.925332 1
0.991756 1
0.999019 1
0.998962 1
0.992533 1
0.989803 1
0.895973 1
0.291332 1
0.988104 1
0.999907 1
0.995284 1
0.836031 1
0.94556 1
0.949376 1
0.805062 1
0.999975 1
0.999307 1
0.907706 1
0.999625 1
0.0150776 1
0.980213 1
0.965847 1
0.997974 1
0.826375 1
0.999645 1
0.987844 1
0.971743 1
0.999335 1
0.999585 1
0.99999 1
0.999195 1
0.998789 1
0.99564 1
0.999916 1
0.999875 1
0.996297 1
0.960938 1
0.999846 1
0.999885 1
0.627584 1
0.311703 1
0.984455 1
0.934766 1
0.935184 1
0.733808 1
0.998841 1
0.989399 1
0.994603 1
0.926295 1
0.993097 1
0.999678 1
0.997919 1
0.992365 1
0.978583 1
0.999211 1
0.999694 1
0.99852 1
0.992262 1
0.992714 1
0.905903 1
0.840479 1
0.999991 1
0.999404 1
0.969007 1
0.99679 1
0.0590074 1
0.661072 1
0.333647 1
0.376019 1
0.997992 1
0.942041 1
0.999756 1
0.898411 1
0.999722 1
0.994213 1
0.993536 1
0.929034 1
0.965847 1
0.865697 1
0.999492 1
0.677685 1
0.888196 1
0.971306 1
0.882023 1
0.999758 1
0.998121 1
0.474404 1
0.999816 1
0.999033 1
0.897849 1
0.983333 1
0.458816 1
0.972113 1
0.993774 1
0.990428 1
0.999995 1
0.99801 1
0.99988 1
0.984976 1
0.993829 1
0.973903 1
0.998857 1
0.988023 1
0.913477 1
0.988768 1
0.984236 1
0.296472 1
0.964959 1
0.999079 1
0.999799 1
0.984867 1
0.879348 1
0.99261 1
0.95252 1
0.605409 1
0.991815 1
0.99605 1
0.999412 1
0.987898 1
0.998078 1
0.766761 1
0.998906 1
0.999875 1
0.999976 1
0.999989 1
0.999977 1
0.999982 1
0.985306 1
0.970943 1
0.986718 1
0.616915 1
0.987285 1
0.943714 1
0.80881 1
0.993659 1
0.999788 1
0.999759 1
0.972916 1
0.935334 1
0.883624 1
0.935848 1
0.99998 1
0.962443 1
0.993106 1
0.999939 1
0.974589 1
0.805171 1
0.999723 1
0.956715 1
0.796736 1
0.185047 1
0.999977 1
0.999985 1
0.999148 1
0.987221 1
0.999641 1
0.996253 1
0.999286 1
0.999573 1
0.479214 1
0.999644 1
0.991883 1
0.99715 1
0.997866 1
0.999975 1
0.993338 1
0.987074 1
0.705092 1
0.99896 1
0.997837 1
0.873165 1
0.154936 1
0.409656 1
0.0682093 1
0.996916 1
0.823417 1
0.541072 1
0.9934 1
0.862238 1
0.988919 1
0.998933 1
0.997362 1
0.80737 1
0.97953 1
0.44515 1
0.879605 1
0.996914 1
0.999963 1
0.745603 1
0.756416 1
0.993587 1
0.841088 1
0.996316 1
0.953075 1
0.993829 1
0.977921 1
0.999991 1
0.673512 1
0.995742 1
0.988034 1
0.99875 1
0.994373 1
0.944291 1
0.460816 1
0.97551 1
0.961229 1
0.940655 1
0.999991 1
0.999781 1
0.0863769 1
0.838784 1
0.993821 1
0.973484 1
0.999658 1
0.711157 1
0.979529 1
0.735915 1
0.997515 1
0.998557 1
0.935554 1
0.846486 1
0.999963 1
0.264801 1
0.999226 1
0.999998 1
0.993169 1
0.999949 1
0.999983 1
0.997184 1
0.99316 1
0.987099 1
0.846486 1
0.981143 1
0.999699 1
0.825666 1
0.930087 1
0.999728 1
0.885626 1
0.998157 1
0.922385 1
0.990541 1
0.999398 1
0.758911 1
0.99992 1
0.972727 1
0.996369 1
0.999448 1
0.997874 1
0.977884 1
0.999619 1
0.999961 1
0.992415 1
0.999347 1
0.452787 1
0.483007 1
0.988168 1
0.982928 1
0.987031 1
0.980747 1
0.997328 1
0.999653 1
0.993661 1
0.998922 1
0.995225 1
0.993662 1
0.734767 1
0.986186 1
0.990018 1
0.990611 1
0.988824 1
0.892974 1
0.602778 1
0.999886 1
0.998707 1
0.999028 1
0.439309 1
0.910386 1
0.994014 1
0.422221 1
0.94911 1
0.626334 1
0.915566 1
0.907148 1
0.670383 1
0.884506 1
0.991047 1
0.976479 1
0.999841 1
0.995188 1
0.999796 1
0.998962 1
0.157989 1
0.99951 1
0.542575 1
0.840421 1
0.999946 1
0.989234 1
0.987638 1
0.999934 1
0.999586 1
0.989674 1
0.994098 1
0.984566 1
0.996831 1
0.999426 1
0.924117 1
0.941156 1
0.232911 1
0.999999 1
0.998658 1
0.693067 1
0.954101 1
0.609676 1
0.0154275 1
0.963314 1
0.0738301 1
0.90806 1
0.997095 1
0.161175 1
0.946184 1
0.984246 1
0.999839 1
0.998841 1
0.999209 1
0.999954 1
0.999896 1
0.975328 1
0.993522 1
0.982626 1
0.967321 1
0.931141 1
0.956031 1
0.931349 1
0.994726 1
0.974667 1
0.960947 1
0.991128 1
0.999977 1
0.788569 1
0.997417 1
0.999882 1
0.946407 1
0.870229 1
0.999996 1
0.999973 1
0.999291 1
0.99957 1
0.981369 1
0.999308 1
0.984669 1
0.999471 1
0.980763 1
0.138869 1
0.998362 1
0.998061 1
0.99042 1
0.999981 1
0.99931 1
0.993859 1
0.990538 1
0.624156 1
0.976398 1
0.290343 1
0.99993 1
0.999788 1
0.996354 1
0.946992 1
0.999971 1
0.993533 1
0.921901 1
0.995631 1
0.990086 1
0.845984 1
0.999592 1
0.999278 1
0.999753 1
0.995633 1
0.64625 1
0.100505 1
0.977941 1
0.998567 1
0.318597 1
0.918673 1
0.841144 1
0.999996 1
0.999949 1
0.604119 1
0.996943 1
0.77797 1
0.999739 1
0.997652 1
0.966084 1
0.979336 1
0.996493 1
0.783633 1
0.997829 1
0.999729 1
0.979987 1
0.874586 1
0.838465 1
0.862136 1
0.539269 1
0.987367 1
0.970853 1
0.767274 1
0.877119 1
0.471047 1
0.991823 1
0.604274 1
0.924118 1
0.992256 1
0.565221 1
0.998636 1
0.949152 1
0.999969 1
0.999376 1
0.998829 1
0.989982 1
0.987447 1
0.999832 1
0.999996 1
0.887726 1
0.0196301 1
0.517382 1
0.999611 1
0.992521 1
0.999055 1
0.975539 1
0.0858168 1
0.660531 1
0.989532 1
0.998838 1
0.999381 1
0.999994 1
0.998383 1
0.958324 1
0.970259 1
0.553249 1
0.999931 1
0.901618 1
0.9999 1
0.317619 1
0.497225 1
0.994631 1
0.996128 1
0.988824 1
0.984901 1
0.963101 1
0.676655 1
1 1
0.999302 1
0.769445 1
0.993401 1
0.999934 1
0.998557 1
0.989275 1
0.999971 1
0.375677 1
0.999955 1
0.933473 1
0.981355 1
0.799974 1
0.995723 1
0.995888 1
0.973108 1
0.999081 1
0.992365 1
0.99987 1
0.477909 1
0.999836 1
0.998106 1
0.997108 1
0.0873163 1
0.923459 1
0.861567 1
0.982909 1
0.999492 1
0.954046 1
0.999965 1
0.995727 1
0.976724 1
0.99997 1
0.151261 1
0.999721 1
0.739593 1
0.99511 1
0.999625 1
0.996886 1
0.999597 1
0.999775 1
0.99862 1
0.999187 1
0.999901 1
0.677529 1
0.577446 1
0.997974 1
0.950499 1
0.999706 1
0.998872 1
0.936491 1
0.656155 1
0.974547 1
0.999989 1
0.393312 1
0.998551 1
0.98501 1
0.990737 1
0.920963 1
0.909494 1
0.999471 1
0.996696 1
0.9028 1
0.644371 1
0.287742 1
0.999847 1
0.998847 1
0.965622 1
0.976599 1
0.998334 1
0.89038 1
0.999734 1
0.999999 1
0.999986 1
0.877617 1
0.999102 1
0.999012 1
0.999712 1
0.995457 1
0.996074 1
0.996585 1
0.619415 1
0.843001 1
0.997609 1
0.98442 1
0.99879 1
0.983271 1
0.99971 1
0.872058 1
0.147692 1
0.997922 1
0.997608 1
0.999551 1
0.741343 1
0.64228 1
0.995086 1
0.999051 1
0.0335179 1
0.998223 1
0.704497 1
0.999493 1
0.997578 1
0.969488 1
0.996588 1
0.996589 1
0.994925 1
0.99984 1
0.995197 1
0.993058 1
0.308826 1
0.866451 1
0.999362 1
0.998216 1
0.91036 1
0.999991 1
0.886184 1
0.78691 1
0.998927 1
0.453574 1
0.99127 1
0.991995 1
0.562292 1
0.999752 1
0.991945 1
0.998176 1
0.99963 1
0.99401 1
0.983935 1
0.999883 1
0.955083 1
0.846486 1
0.975598 1
0.94116 1
0.999937 1
0.997715 1
0.981045 1
0.99997 1
0.999847 1
0.985133 1
0.999909 1
0.999744 1
0.994546 1
0.98918 1
0.987447 1
0.999981 1
0.999865 1
0.996333 1
0.998293 1
0.998991 1
0.999189 1
0.999899 1
0.963447 1
0.872058 1
0.909956 1
0.999935 1
0.999994 1
0.999592 1
0.998413 1
0.993697 1
0.958754 1
0.999535 1
0.998837 1
0.999936 1
0.999999 1
0.999996 1
0.999987 1
0.982852 1
0.999988 1
0.999078 1
0.999969 1
0.999613 1
0.993989 1
0.999827 1
0.999736 1
0.760156 1
0.991822 1
0.999994 1
0.999835 1
0.978707 1
0.669324 1
0.961229 1
0.999925 1
0.99065 1
0.99889 1
0.999337 1
0.961838 1
0.673228 1
0.999305 1
0.807299 1
0.670428 1
0.999455 1
0.971988 1
0.999992 1
0.767355 1
0.981896 1
0.00182279 1
0.48086 1
0.974361 1
0.999482 1
0.998521 1
0.547333 1
0.885017 1
0.518903 1
0.999976 1
0.914689 1
0.999956 1
0.924694 1
0.972201 1
0.996682 1
0.647003 1
0.464357 1
0.991914 1
0.999989 1
0.999734 1
0.999818 1
0.999828 1
0.999615 1
0.874198 1
0.904056 1
0.72117 1
0.996974 1
0.999224 1
0.999843 1
0.977365 1
0.786991 1
0.0185594 1
0.885801 1
0.811593 1
0.996935 1
0.239902 1
0.999978 1
0.988824 1
0.97609 1
0.0820738 1
0.812945 1
0.999845 1
0.999737 1
0.999732 1
0.989516 1
0.993059 1
0.411265 1
0.831826 1
0.998716 1
0.999806 1
0.997738 1
0.998068 1
0.9957 1
0.996893 1
0.749695 1
0.377242 1
0.562286 1
0.903146 1
0.445021 1
0.997691 1
0.986668 1
0.99194 1
0.997043 1
0.955602 1
0.72809 1
0.0594393 1
0.999599 1
0.678351 1
0.999998 1
0.93333 1
0.984443 1
0.998322 1
0.999972 1
0.945642 1
0.985039 1
0.171307 1
0.998579 1
0.999669 1
0.705168 1
0.999705 1
0.998479 1
0.997474 1
0.995472 1
0.981124 1
0.611416 1
0.981336 1
0.213802 1
0.190086 1
0.761847 1
0.997961 1
0.862843 1
0.786459 1
0.999984 1
0.999916 1
0.981195 1
0.949915 1
0.999977 1
0.98885 1
0.954359 1
0.999957 1
0.949101 1
0.994247 1
0.999679 1
0.979106 1
0.990167 1
0.999582 1
0.992747 1
0.999932 1
0.96176 1
0.718224 1
0.989078 1
0.998456 1
0.998858 1
0.433769 1
0.822104 1
0.97011 1
0.312104 1
0.882975 1
0.968164 1
0.999554 1
0.999986 1
0.999766 1
0.975251 1
0.992337 1
0.999764 1
0.999687 1
0.99859 1
0.999444 1
0.808914 1
0.52025 1
0.999981 1
0.920475 1
0.991027 1
0.989359 1
0.0793716 1
0.998012 1
0.999423 1
0.882356 1
0.940315 1
0.999999 1
0.994625 1
0.504592 1
0.990825 1
0.999651 1
0.996272 1
0.8312 1
0.99985 1
0.999956 1
0.999727 1
0.999939 1
0.985595 1
0.805078 1
0.998512 1
0.999974 1
0.99973 1
0.999993 1
0.995791 1
0.92274 1
0.999973 1
0.998514 1
0.993495 1
0.995609 1
0.820365 1
0.999982 1
0.999958 1
0.999985 1
0.999923 1
0.998663 1
0.981769 1
0.996102 1
0.988824 1
0.999635 1
0.960561 1
0.999848 1
0.896923 1
0.905453 1
0.16522 1
0.813992 1
0.999895 1
0.624032 1
0.179362 1
0.999995 1
0.990171 1
0.999627 1
0.981355 1
0.999529 1
0.979024 1
0.882567 1
0.150238 1
0.999783 1
0.965474 1
0.999295 1
0.983898 1
0.863411 1
0.999583 1
0.99785 1
0.996423 1
0.999193 1
0.999932 1
0.943633 1
0.99593 1
0.999333 1
0.998619 1
0.999998 1
0.999996 1
0.996194 1
0.999864 1
0.999651 1
0.958683 1
0.99932 1
0.998615 1
0.988023 1
0.999587 1
0.998386 1
0.388975 1
0.991006 1
0.955134 1
0.999892 1
0.995637 1
0.913458 1
0.943431 1
0.996068 1
0.996804 1
0.74004 1
0.999916 1
0.838097 1
0.986149 1
0.985724 1
0.999661 1
0.999911 1
0.998854 1
0.998476 1
0.977618 1
0.999924 1
0.996989 1
0.999546 1
0.999489 1
0.999601 1
0.99618 1
0.962572 1
0.968248 1
0.999999 1
0.891638 1
0.999638 1
0.994151 1
0.999813 1
0.988983 1
0.999076 1
0.00826783 1
0.996812 1
0.959843 1
0.985717 1
0.829131 1
0.997777 1
0.996172 1
0.999743 1
0.999023 1
0.982264 1
0.994505 1
0.980469 1
0.941809 1
0.0377075 1
0.999841 1
0.783054 1
0.988263 1
0.999997 1
0.834769 1
0.846486 1
0.995417 1
0.966504 1
0.995778 1
0.981296 1
0.995971 1
0.999987 1
0.999291 1
0.0414346 1
0.824018 1
0.9035 1
0.999893 1
0.987505 1
0.999941 1
0.745512 1
0.72826 1
0.996852 1
0.934868 1
0.998836 1
0.809857 1
0.98727 1
0.999964 1
0.999979 1
0.999986 1
0.15956 1
0.999957 1
0.887433 1
0.999644 1
0.991589 1
0.983418 1
0.999999 1
0.998695 1
0.998952 1
0.999615 1
0.0123366 1
0.999779 1
0.9793 1
0.97848 1
0.999946 1
0.999203 1
0.999225 1
0.00976163 1
0.308826 1
0.997736 1
0.841247 1
0.375892 1
0.997216 1
0.999346 1
0.979825 1
0.584116 1
0.999576 1
0.998054 1
0.995512 1
0.999984 1
0.992365 1
0.998308 1
0.785093 1
0.997233 1
0.999286 1
0.99995 1
0.952521 1
0.999994 1
0.999665 1
0.656649 1
0.99998 1
0.999285 1
0.994526 1
0.992869 1
0.999696 1
0.996191 1
0.835972 1
0.999986 1
0.997524 1
0.999825 1
0.961151 1
0.212736 1
0.993056 1
0.387428 1
0.98251 1
0.451999 1
0.979371 1
0.997865 1
0.623016 1
0.998428 1
0.939704 1
0.999874 1
0.333299 1
0.967796 1
0.700614 1
0.504786 1
0.995849 1
0.870496 1
0.964442 1
0.999886 1
0.999983 1
0.846534 1
0.984048 1
0.978899 1
0.822827 1
0.999998 1
0.99973 1
0.993042 1
0.999398 1
0.994758 1
0.999104 1
0.390216 1
0.998199 1
0.723217 1
0.873126 1
0.994398 1
0.969348 1
0.929948 1
0.999512 1
0.977894 1
0.887512 1
0.991802 1
0.978426 1
0.999655 1
0.999625 1
0.988185 1
0.999511 1
0.977578 1
0.962622 1
0.804479 1
0.99906 1
0.998614 1
0.956346 1
0.999902 1
0.999911 1
0.990143 1
0.999985 1
0.999833 1
0.987227 1
0.999963 1
0.950954 1
0.81209 1
0.999864 1
0.999613 1
0.972487 1
0.93414 1
0.908923 1
0.988545 1
0.985604 1
0.00441574 1
0.998828 1
0.932262 1
1.8965e-06 0
3.0379e-06 0
4.21011e-06 0
2.05289e-07 0
9.95254e-07 0
6.90471e-07 0
0.000119672 0
1.96763e-05 0
0.000243461 0
0.000625188 0
1.93895e-05 0
0.000694795 0
0.00171267 0
1.80066e-06 0
4.98762e-07 0
0.000896517 0
2.48311e-05 0
0.00884648 0
1.06296e-05 0
0.00497268 0
0.000230111 0
4.53691e-07 0
3.50047e-07 0
0.0650016 0
9.37859e-08 0
5.41458e-06 0
0.000105296 0
2.44157e-05 0
3.53337e-09 0
5.65047e-07 0
2.54095e-07 0
1.45078e-06 0
9.59867e-09 0
6.67546e-06 0
2.38778e-05 0
6.09749e-06 0
2.3413e-05 0
0.00819836 0
0.000136822 0
5.24065e-07 0
1.63372e-07 0
0.00095568 0
3.92037e-06 0
4.94238e-05 0
2.00941e-05 0
9.27904e-07 0
2.43757e-06 0
1.03306e-05 0
4.46874e-09 0
5.46008e-05 0
7.72747e-05 0
7.0481e-05 0
0.000156831 0
1.37432e-05 0
3.55952e-05 0
0.000105128 0
5.11346e-06 0
1.4515e-05 0
0.000161629 0
0.000496094 0
9.42148e-08 0
0.00397465 0
1.11027e-06 0
3.20582e-05 0
3.62508e-06 0
6.12265e-05 0
1.21698e-05 0
0.000472559 0
5.76297e-07 0
1.76799e-06 0
2.07669e-06 0
0.00361732 0
1.61508e-05 0
1.16293e-08 0
9.78408e-10 0
0.000319689 0
0.00171952 0
3.79019e-06 0
0.000455354 0
3.41886e-06 0
8.8964e-06 0
3.75546e-06 0
0.0136936 0
3.5473e-07 0
1.48202e-07 0
0.0205502 0
0.000164429 0
3.4273e-06 0
4.32632e-07 0
4.10481e-06 0
0.000142459 0
0.000197004 0
1.60848e-09 0
7.74408e-06 0
5.1232e-05 0
0.00112151 0
9.61909e-05 0
0.00035651 0
0.000420227 0
6.2752e-05 0
6.79152e-06 0
5.83834e-07 0
1.06174e-07 0
1.06971e-05 0
2.05542e-06 0
2.77249e-07 0
7.89961e-06 0
9.89765e-05 0
3.28375e-06 0
2.17936e-05 0
3.4721e-06 0
6.79889e-05 0
4.92054e-08 0
0.0064194 0
0.00113325 0
1.30506e-06 0
7.17134e-05 0
2.46725e-06 0
0.00110424 0
0.000150355 0
1.36986e-08 0
2.12405e-06 0
1.08997e-08 0
4.42629e-05 0
0.000750977 0
1.29945e-05 0
0.00728001 0
3.88871e-07 0
1.56619e-06 0
0.0204205 0
0.000246726 0
2.39896e-07 0
0.0123166 0
1.49794e-05 0
1.61291e-05 0
3.90477e-06 0
0.000199253 0
8.28327e-10 0
1.23429e-06 0
0.000207031 0
1.81375e-05 0
1.13918e-06 0
1.68989e-05 0
0.000508742 0
0.00358798 0
1.22355e-05 0
7.03274e-06 0
3.82533e-06 0
1.49563e-07 0
1.82944e-05 0
0.000446657 0
2.78685e-06 0
0.00495979 0
1.02204e-06 0
4.26764e-07 0
2.87494e-07 0
0.0198952 0
0.0102114 0
2.46261e-05 0
8.09179e-07 0
1.10869e-07 0
1.16354e-06 0
1.14402e-07 0
0.00499459 0
3.02647e-05 0
4.9927e-06 0
8.52997e-08 0
0.000148265 0
8.79456e-06 0
7.99356e-06 0
3.67288e-06 0
9.03172e-08 0
6.67397e-05 0
0.00482548 0
0.000276414 0
9.66733e-08 0
1.59077e-05 0
7.16933e-07 0
0.000108127 0
5.59583e-05 0
8.98073e-09 0
1.68604e-06 0
3.36876e-05 0
1.96035e-05 0
0.00060407 0
1.94085e-06 0
1.32509e-06 0
0.000272889 0
5.27141e-06 0
0.0263247 0
1.54216e-05 0
0.00050505 0
7.24467e-06 0
0.000293308 0
0.0012722 0
2.35207e-05 0
2.27117e-06 0
2.88342e-05 0
9.99797e-06 0
2.56698e-06 0
4.43639e-05 0
0.000784462 0
9.08682e-07 0
8.3018e-10 0
2.48829e-06 0
1.33388e-06 0
5.92995e-07 0
0.000529597 0
9.06679e-07 0
3.69731e-05 0
1.75492e-07 0
8.85058e-07 0
4.44873e-06 0
7.10139e-05 0
0.000242765 0
2.18718e-05 0
4.68645e-05 0
0.00130333 0
2.69972e-05 0
1.93502e-07 0
8.89465e-06 0
2.33803e-06 0
3.11262e-06 0
6.10917e-06 0
1.01468e-05 0
4.73366e-08 0
0.000540145 0
0.00299446 0
0.0134912 0
3.05302e-05 0
1.9261e-07 0
9.31085e-06 0
1.94714e-05 0
1.73712e-06 0
5.70908e-05 0
7.72378e-06 0
0.000829879 0
4.35019e-06 0
0.000196949 0
0.000172016 0
1.85104e-07 0
1.07276e-05 0
0.00130018 0
0.000764927 0
2.92362e-05 0
9.46172e-07 0
7.28494e-07 0
4.44497e-06 0
0.00949899 0
4.1611e-07 0
4.47431e-05 0
0.000226326 0
6.85576e-05 0
0.000926204 0
8.82002e-06 0
1.46698e-08 0
6.58332e-07 0
0.000230219 0
0.000969369 0
0.00538057 0
2.53801e-06 0
2.84925e-06 0
0.00110278 0
0.0197602 0
9.15326e-07 0
0.000557419 0
4.62639e-05 0
5.95131e-06 0
1.71459e-07 0
0.000202334 0
5.97314e-08 0
1.42972e-05 0
0.418282 0
1.22092e-05 0
8.1584e-05 0
2.44325e-08 0
1.4088e-05 0
0.000688617 0
4.91472e-05 0
3.0622e-05 0
1.45242e-07 0
2.50477e-06 0
0.000472626 0
4.63766e-06 0
3.68954e-06 0
4.09904e-07 0
2.69619e-07 0
2.34849e-07 0
3.91526e-06 0
7.1436e-06 0
7.24374e-07 0
5.95108e-06 0
7.7119e-06 0
2.75381e-07 0
2.59717e-09 0
0.00188484 0
2.12122e-07 0
0.000272036 0
0.000986682 0
8.57379e-06 0
2.58017e-05 0
0.000263844 0
2.07884e-08 0
0.000244257 0
3.39183e-08 0
1.19138e-07 0
2.0087e-05 0
1.26354e-06 0
1.08124e-05 0
2.48495e-06 0
2.34567e-06 0
6.70219e-05 0
9.06047e-05 0
1.9611e-06 0
1.1045e-05 0
7.60906e-07 0
1.29082e-06 0
6.59503e-06 0
4.47938e-05 0
6.25508e-05 0
3.10886e-07 0
0.000157284 0
3.29201e-05 0
1.65849e-05 0
0.00547824 0
6.29094e-05 0
0.000129234 0
0.000238509 0
1.1775e-06 0
6.12931e-07 0
1.38434e-05 0
0.000169458 0
5.4437e-08 0
7.86083e-06 0
1.02774e-05 0
0.00258136 0
1.41268e-06 0
9.90512e-07 0
8.11493e-05 0
0.00386801 0
0.000413039 0
0.000686876 0
8.75089e-05 0
4.52426e-08 0
0.000231023 0
1.20825e-07 0
9.78507e-06 0
2.71959e-07 0
1.22863e-05 0
1.64593e-05 0
1.32263e-05 0
3.9151e-05 0
1.53633e-08 0
3.25236e-08 0
1.52487e-07 0
0.0399662 0
7.65647e-08 0
4.71045e-06 0
0.00273675 0
2.01887e-10 0
3.98699e-05 0
8.98341e-05 0
2.47446e-05 0
1.88636e-08 0
0.000325913 0
0.0378114 0
4.7666e-06 0
8.00658e-06 0
2.36141e-07 0
2.06995e-05 0
5.78945e-07 0
0.000184456 0
1.58489e-06 0
1.1082e-06 0
5.03641e-06 0
0.000363383 0
0.00208294 0
1.15145e-06 0
8.99536e-06 0
9.96251e-06 0
4.49785e-05 0
4.52171e-06 0
0.000257788 0
3.11456e-05 0
0.00179612 0
7.33046e-05 0
9.45102e-08 0
0.00231037 0
2.87348e-05 0
1.20564e-05 0
2.37914e-05 0
2.79967e-06 0
0.00185021 0
0.000551386 0
2.93701e-06 0
7.4102e-07 0
0.000175862 0
0.000391967 0
1.46516e-07 0
2.63386e-05 0
1.33778e-06 0
1.05091e-07 0
4.72515e-05 0
2.2136e-06 0
2.70812e-07 0
6.66263e-05 0
2.91003e-05 0
1.15811e-05 0
5.49446e-07 0
1.16938e-05 0
3.83097e-07 0
0.000559547 0
7.28423e-06 0
1.99694e-06 0
1.52827e-05 0
1.51437e-05 0
3.41637e-05 0
3.32186e-07 0
5.17913e-05 0
3.86455e-06 0
3.95877e-06 0
3.27678e-06 0
9.43153e-07 0
0.00423104 0
0.000182355 0
0.0265788 0
1.51683e-07 0
1.51683e-07 0
6.21028e-06 0
1.51683e-07 0
5.27653e-07 0
6.04852e-07 0
0.000178211 0
0.000673318 0
1.8724e-06 0
3.15877e-06 0
0.00084416 0
0.000292374 0
6.85012e-05 0
1.19216e-05 0
7.10365e-07 0
1.27674e-07 0
4.13329e-06 0
3.94987e-07 0
0.000177342 0
1.86604e-06 0
0.00145933 0
2.00777e-07 0
0.000375779 0
0.000235746 0
1.43028e-06 0
2.25328e-06 0
0.00103338 0
3.62066e-05 0
6.20499e-07 0
0.000172392 0
6.61672e-05 0
2.02415e-05 0
0.000376507 0
1.42177e-06 0
1.76545e-08 0
0.00080956 0
1.03121e-05 0
4.28475e-07 0
2.3718e-05 0
3.32474e-07 0
1.47603e-06 0
2.52456e-05 0
6.40119e-05 0
0.000697323 0
8.19952e-06 0
6.06334e-09 0
2.42624e-06 0
1.10363e-05 0
3.79807e-06 0
0.0001197 0
3.14165e-06 0
8.74806e-08 0
0.0058052 0
0.000245096 0
5.21981e-07 0
5.26458e-05 0
0.00028435 0
7.27895e-07 0
1.83335e-05 0
0.000217955 0
2.86398e-06 0
2.82735e-05 0
2.00234e-05 0
1.39382e-05 0
2.07329e-05 0
1.23016e-05 0
3.61705e-06 0
0.000371355 0
3.24347e-07 0
2.46788e-06 0
0.000562604 0
9.54337e-05 0
2.24581e-07 0
6.8889e-06 0
8.04043e-07 0
0.000325232 0
2.67713e-06 0
0.000235467 0
0.000135163 0
0.00110807 0
1.11422e-05 0
0.000357724 0
6.71328e-07 0
2.3278e-06 0
2.52657e-06 0
1.14271e-06 0
5.01662e-07 0
1.18908e-10 0
1.16337e-06 0
1.09694e-06 0
3.05777e-05 0
1.19643e-05 0
0.0127145 0
2.74333e-07 0
6.63088e-05 0
6.4308e-06 0
8.03586e-05 0
0.0067203 0
0.00283982 0
1.65195e-06 0
4.34615e-06 0
2.04914e-06 0
0.00025753 0
1.18838e-06 0
6.10891e-06 0
0.000232165 0
7.07349e-05 0
1.55223e-05 0
0.00122224 0
7.44419e-06 0
7.45347e-07 0
0.000124391 0
2.70719e-07 0
1.77615e-06 0
2.17086e-08 0
3.8216e-09 0
1.46172e-06 0
0.00196769 0
9.91611e-07 0
6.41132e-05 0
2.06813e-05 0
8.77741e-05 0
3.7059e-07 0
8.1611e-06 0
6.83198e-06 0
2.38618e-05 0
1.23563e-06 0
9.89811e-05 0
0.000246721 0
0.000133489 0
0.000386691 0
1.44374e-06 0
1.60935e-05 0
1.25775e-05 0
7.63943e-09 0
2.68652e-06 0
1.58974e-06 0
1.86377e-06 0
1.75181e-06 0
1.59453e-05 0
0.00326583 0
1.14456e-05 0
3.11248e-06 0
1.572e-05 0
2.36846e-06 0
8.66357e-07 0
5.08937e-05 0
2.10628e-05 0
1.47848e-07 0
3.10705e-05 0
6.97467e-06 0
0.000238292 0
1.01301e-06 0
2.31313e-07 0
1.25787e-07 0
3.81381e-08 0
3.13177e-06 0
4.55817e-07 0
4.25258e-06 0
4.34906e-07 0
5.46765e-05 0
3.07833e-07 0
1.31521e-08 0
3.03902e-05 0
0.000936379 0
5.35822e-07 0
6.0727e-08 0
1.23753e-05 0
7.11683e-05 0
2.63103e-05 0
0.000163828 0
0.000143333 0
0.000175365 0
0.00531528 0
8.93617e-08 0
6.44303e-07 0
0.142969 0
0.000100719 0
1.13213e-06 0
0.000199184 0
1.06608e-07 0
0.000124778 0
4.41018e-06 0
2.29905e-07 0
3.81139e-05 0
0.000635899 0
2.91464e-07 0
3.58291e-05 0
4.37899e-05 0
0.0152234 0
4.94392e-06 0
2.36549e-06 0
2.07747e-06 0
3.99615e-05 0
0.000644102 0
4.07066e-08 0
0.00236415 0
1.2279e-05 0
4.80394e-07 0
0.421807 0
6.30727e-08 0
6.37544e-05 0
0.00669697 0
0.000904862 0
3.93424e-05 0
0.000103513 0
0.000306888 0
4.21211e-06 0
5.49548e-06 0
6.10593e-07 0
1.34285e-06 0
0.00510913 0
1.39354e-05 0
1.03252e-05 0
2.20872e-08 0
1.92533e-05 0
2.41544e-05 0
1.11446e-05 0
0.00112189 0
0.00144069 0
1.26938e-06 0
6.74806e-09 0
2.29837e-05 0
0.00011389 0
2.43703e-05 0
8.79754e-07 0
7.56765e-05 0
3.08195e-07 0
3.80517e-06 0
0.000170631 0
3.22087e-05 0
1.92223e-05 0
0.000156899 0
2.81362e-07 0
2.23198e-05 0
0.000151784 0
2.95008e-05 0
6.85858e-08 0
1.37826e-05 0
7.22137e-06 0
0.00453201 0
0.0010709 0
1.05238e-07 0
4.17079e-10 0
5.45965e-05 0
1.08337e-05 0
0.0118009 0
8.68312e-07 0
0.00148322 0
1.40668e-07 0
1.23825e-06 0
1.4118e-05 0
3.38875e-07 0
1.46685e-06 0
9.46773e-05 0
0.00305329 0
4.28449e-06 0
1.28228e-05 0
6.64664e-05 0
5.93566e-07 0
5.08438e-06 0
5.42622e-07 0
1.23246e-06 0
1.39177e-05 0
0.00022185 0
0.000293167 0
1.55257e-07 0
0.000244472 0
6.89127e-07 0
4.22601e-06 0
4.96392e-07 0
6.72187e-06 0
5.82577e-07 0
0.00017262 0
9.90835e-05 0
7.99267e-05 0
7.65059e-07 0
2.51252e-05 0
1.57212e-05 0
6.91745e-08 0
2.05311e-07 0
0.0011112 0
2.64651e-06 0
2.98857e-06 0
0.0018945 0
3.02252e-05 0
2.63547e-05 0
7.20464e-06 0
0.000312573 0
5.95447e-07 0
0.00606315 0
9.93028e-07 0
2.89919e-05 0
0.00180564 0
0.000128295 0
0.000189131 0
0.038151 0
1.28738e-05 0
0.0243155 0
0.021763 0
0.000370045 0
0.0125827 0
1.60589e-05 0
3.36158e-07 0
0.00448522 0
0.00030724 0
2.89014e-07 0
2.15733e-06 0
0.000461039 0
0.00543193 0
1.3085e-07 0
0.378538 0
0.00011956 0
1.49147e-06 0
1.40729e-06 0
0.00483942 0
5.79214e-07 0
4.54713e-06 0
0.00366267 0
4.47063e-07 0
0.00722191 0
0.00171242 0
1.50455e-06 0
4.78438e-06 0
1.28738e-05 0
0.00179795 0
2.24283e-07 0
0.00237882 0
3.67846e-06 0
0.00121208 0
1.72061e-05 0
3.1079e-06 0
3.00693e-06 0
3.45371e-07 0
0.0474607 0
4.35393e-06 0
0.00288451 0
0.000942472 0
0.00114556 0
0.000536137 0
0.000275826 0
0.00311756 0
1.77528e-06 0
6.70867e-06 0
3.68127e-06 0
0.00106279 0
7.3255e-07 0
6.91912e-05 0
0.0293092 0
1.01788e-05 0
2.28805e-06 0
2.21066e-06 0
3.08654e-05 0
0.00765676 0
0.847843 0
0.822572 0
0.0358803 0
0.354369 0
0.129489 0
0.0618508 0
0.0232479 0
0.00231161 0
0.00451067 0
6.91725e-06 0
0.00983638 0
0.00163005 0
5.83114e-05 0
0.049782 0
0.000633702 0
0.00382752 0
0.00527244 0
0.106593 0
0.00725554 0
0.0999117 0
0.848612 0
0.301652 0
0.0545438 0
0.0757644 0
0.0312967 0
0.0710852 0
0.958428 0
7.31224e-05 0
0.0005961 0
0.982824 0
0.024971 0
0.00715064 0
0.306499 0
0.000700616 0
0.00327504 0
0.0991005 0
0.0546221 0
0.079045 0
0.00512262 0
0.000352053 0
0.0830288 0
0.0120269 0
0.00908313 0
0.00716122 0
0.00532866 0
0.211405 0
0.00170931 0
0.33557 0
0.0206652 0
0.874829 0
0.402222 0
0.00864633 0
0.52556 0
0.309858 0
5.9096e-05 0
0.0631825 0
0.0454924 0
2.40155e-05 0
0.366377 0
9.06535e-05 0
0.0530463 0
0.000326054 0
0.0303134 0
0.0192097 0
6.0833e-06 0
0.00404461 0
0.00871278 0
0.692588 0
0.00271834 0
0.326186 0
0.00899701 0
0.0010359 0
7.60328e-05 0
0.000122736 0
0.00424944 0
0.00350961 0
0.369273 0
0.0905713 0
0.000127912 0
0.0369949 0
0.801902 0
0.223384 0
0.00219435 0
0.173218 0
0.00130566 0
8.92964e-06 0
0.0423555 0
5.42594e-05 0
0.000491631 0
0.00917363 0
0.0952046 0
0.00027406 0
0.00169295 0
0.117303 0
0.0131692 0
0.0586095 0
0.0116797 0
0.00124548 0
0.00338195 0
6.07769e-07 0
2.29793e-06 0
1.29815e-05 0
0.000528209 0
4.39717e-05 0
4.78996e-07 0
0.000365969 0
9.77411e-07 0
0.000168614 0
7.2871e-05 0
1.4849e-07 0
7.3355e-07 0
3.06305e-05 0
9.24194e-05 0
0.00128405 0
0.00772372 0
0.108917 0
0.0223094 0
0.000169533 0
3.75317e-05 0
0.000284676 0
4.92818e-06 0
1.76499e-05 0
0.000855874 0
0.000895131 0
3.87042e-05 0
0.00843628 0
1.56292e-05 0
0.0012345 0
3.696e-05 0
0.00128624 0
0.000138661 0
0.000772693 0
4.87903e-05 0
0.000334506 0
0.00014298 0
1.17468e-05 0
0.000298229 0
0.00180914 0
0.0394797 0
6.71284e-06 0
5.73462e-05 0
0.0313124 0
0.00173963 0
1.76183e-05 0
0.00146791 0
0.0195821 0
0.977269 0
0.303033 0
0.0142449 0
0.0171639 0
0.318982 0
0.017047 0
0.00857519 0
0.301164 0
0.628654 0
0.0286728 0
0.260127 0
0.156352 0
0.0158392 0
0.00181492 0
0.313444 0
0.00162936 0
0.00213374 0
0.724909 0
0.296126 0
0.0458511 0
0.625566 0
0.0550238 0
0.00331838 0
0.773812 0
0.499115 0
0.163291 0
0.0272497 0
0.0508797 0
0.00606445 0
0.361331 0
0.0484349 0
0.19286 0
0.47214 0
0.0432208 0
0.972458 0
0.0290419 0
0.369616 0
0.00171163 0
0.0258787 0
0.00423722 0
0.269953 0
0.0242851 0
0.0171536 0
0.340767 0
0.0647277 0
0.308857 0
0.00647512 0
0.126414 0
0.16676 0
0.0320922 0
0.0292055 0
0.0415228 0
0.627433 0
0.0163721 0
0.00163284 0
0.99774 0
0.225365 0
0.00108741 0
0.0075502 0
0.00332747 0
0.185583 0
0.000193896 0
0.00107436 0
0.0628611 0
0.266108 0
0.610453 0
0.000860047 0
0.00110127 0
0.0350391 0
0.514012 0
0.857719 0
0.00272761 0
5.41144e-05 0
0.00908434 0
0.193939 0
0.0609729 0
0.102829 0
0.0313936 0
0.961383 0
0.0174186 0
0.739752 0
0.950463 0
0.00096804 0
0.0285394 0
9.08402e-05 0
3.89886e-05 0
0.00410091 0
0.0564873 0
0.971183 0
0.668065 0
0.000144167 0
0.00567759 0
0.00130849 0
0.000163034 0
6.32897e-05 0
0.385633 0
0.0329411 0
0.831558 0
0.00489691 0
0.0288672 0
0.0678995 0
0.281984 0
8.19753e-05 0
0.000116988 0
0.0820447 0
0.693512 0
5.37181e-07 0
0.0859052 0
0.0530133 0
0.0100727 0
0.335353 0
0.0316768 0
0.144978 0
0.283155 0
0.0122265 0
0.00346586 0
0.550314 0
1.54231e-05 0
0.0837632 0
0.0259405 0
0.000542795 0
0.0182446 0
0.00204724 0
0.0337125 0
0.751101 0
0.0456477 0
0.999146 0
0.0117427 0
2.01234e-08 0
0.501169 0
0.000911101 0
0.270936 0
0.0188156 0
0.107948 0
0.00706438 0
0.00193114 0
1.76093e-07 0
0.280445 0
0.00378806 0
0.0101191 0
0.0109448 0
0.000258498 0
0.0522334 0
0.000968431 0
0.00550679 0
0.0915277 0
0.00055893 0
0.000905415 0
0.115687 0
0.788176 0
0.984142 0
0.386394 0
0.00949366 0
0.0236397 0
0.0308273 0
4.1642e-05 0
0.100959 0
0.44674 0
0.000113836 0
0.317275 0
0.00081628 0
0.0076623 0
0.0445372 0
0.0227153 0
0.818104 0
0.0603957 0
0.0280076 0
0.123641 0
0.00156524 0
0.07625 0
0.744077 0
0.0014576 0
0.0456232 0
0.867524 0
0.00836463 0
0.000452712 0
0.294857 0
0.0423458 0
0.000608217 0
0.0153725 0
0.0184121 0
0.109092 0
0.00847628 0
0.000198803 0
0.872993 0
0.0193168 0
0.0421379 0
0.100843 0
6.17173e-06 0
0.000240796 0
0.000303776 0
0.833357 0
0.0132364 0
0.0744522 0
0.240062 0
0.724874 0
0.000225442 0
0.50309 0
0.0147107 0
0.993998 0
0.00552994 0
0.0044776 0
0.998848 0
0.974804 0
0.0193724 0
0.974804 0
0.000599698 0
0.030199 0
0.000693411 0
0.000660494 0
0.000582348 0
0.000569594 0
0.0212237 0
0.00414825 0
0.0107933 0
0.000848692 0
0.000722607 0
0.000358296 0
0.00794604 0
0.0145714 0
0.0104359 0
0.000507078 0
0.000317915 0
7.07936e-05 0
0.000411533 0
7.08893e-05 0
0.000224469 0
0.000829337 0
7.54547e-05 0
0.00654758 0
0.0179412 0
0.000183702 0
0.00213449 0
0.00135679 0
3.61884e-05 0
0.000498576 0
0.0105258 0
0.00376358 0
0.00458088 0
0.00554627 0
0.00231329 0
0.0208946 0
0.0156998 0
0.000351643 0
0.00047039 0
0.000371632 0
0.00316217 0
0.00207414 0
0.000759 0
0.0116991 0
0.00583923 0
0.0048549 0
6.5875e-05 0
0.000199528 0
0.00215722 0
0.00108664 0
5.57942e-05 0
0.0132629 0
0.00142174 0
0.000897978 0
0.0195181 0
3.49789e-05 0
0.000712147 0
0.000367787 0
0.00798416 0
0.00678048 0
0.00468484 0
7.96056e-05 0
0.000388549 0
0.0068097 0
0.000233749 0
0.000663511 0
0.000196911 0
0.0443619 0
0.120561 0
0.00952466 0
0.00189539 0
0.00397287 0
0.00213315 0
0.00184154 0
0.000335274 0
0.000539188 0
0.00595889 0
0.0323319 0
0.00233338 0
0.0511953 0
0.000213335 0
8.33699e-06 0
0.109798 0
0.518966 0
0.450086 0
1.44854e-05 0
0.00784101 0
5.25162e-05 0
8.95713e-05 0
0.0128118 0
0.000198264 0
0.00438409 0
0.0199226 0
0.002621 0
0.00140828 0
0.00347497 0
0.165134 0
0.0109595 0
7.4181e-05 0
7.11921e-09 0
0.00097068 0
1.08774e-05 0
0.0200463 0
0.000546009 0
0.0141479 0
0.00710201 0
0.106142 0
0.000498342 0
0.000633255 0
0.0321075 0
0.982575 0
0.000315526 0
0.00117223 0
0.0017675 0
0.371062 0
0.110826 0
6.68119e-06 0
0.0322817 0
0.000715956 0
0.00362207 0
2.67939e-05 0
3.63975e-06 0
0.00196827 0
2.22053e-06 0
0.00195792 0
0.577872 0
0.417559 0
9.7972e-07 0
0.00150246 0
7.78197e-07 0
0.053232 0
5.22772e-07 0
6.16648e-05 0
0.122949 0
0.00266114 0
0.24861 0
0.000539527 0
0.0405014 0
1.16895e-05 0
0.921601 0
0.315958 0
0.00023416 0
0.0387439 0
0.109258 0
0.000113717 0
0.0419789 0
4.33508e-05 0
0.0389272 0
0.000359931 0
0.0233667 0
3.93263e-05 0
2.27568e-05 0
1.88339e-05 0
1.42562e-06 0
0.00130917 0
0.0227615 0
1.42946e-05 0
0.0433769 0
0.0787349 0
0.00173388 0
4.18567e-05 0
6.26217e-05 0
0.0114388 0
0.198649 0
1.07279e-05 0
0.000525272 0
0.0436188 0
0.0120069 0
0.0036952 0
0.00290075 0
0.000202934 0
4.52498e-06 0
0.0156826 0
3.43099e-06 0
7.30666e-07 0
1.62305e-07 0
3.89801e-06 0
1.74983e-06 0
7.7534e-09 0
0.00229133 0
6.17016e-05 0
0.00704395 0
0.000230255 0
1.07013e-06 0
0.00340827 0
0.000434121 0
8.6796e-05 0
1.0898e-05 0
0.000927498 0
0.0099829 0
0.0834567 0
0.347753 0
0.00478936 0
0.00139061 0
0.109141 0
0.00373725 0
2.14015e-08 0
2.89178e-07 0
9.44579e-08 0
3.36255e-06 0
3.62808e-09 0
2.40446e-10 0
8.91205e-07 0
1.03382e-07 0
5.02927e-09 0
8.73406e-09 0
1.99827e-08 0
2.70977e-08 0
2.35439e-10 0
1.42971e-08 0
8.6287e-09 0
3.13953e-08 0
0.00138316 0
1.14549e-05 0
0.00138535 0
0.555739 0
0.00196461 0
3.00131e-07 0
6.73651e-08 0
2.40928e-05 0
0.00016168 0
1.68611e-06 0
0.00993736 0
7.90875e-08 0
1.82723e-09 0
3.3637e-09 0
8.40244e-07 0
0.0123468 0
0.00186921 0
0.000791538 0
1.61778e-05 0
1.48735e-06 0
1.26237e-05 0
7.68774e-05 0
7.13284e-07 0
0.00211748 0
0.970568 0
2.51708e-05 0
0.000585898 0
0.00108777 0
3.2492e-05 0
0.000103777 0
0.000394781 0
9.6007e-06 0
8.28394e-07 0
1.89565e-05 0
2.69796e-07 0
9.98277e-06 0
4.30486e-08 0
1.48674e-08 0
0.0576014 0
0.000752788 0
0.000372373 0
4.18193e-05 0
0.00374492 0
0.000245422 0
9.30021e-06 0
0.000979326 0
1.22176e-05 0
0.0147851 0
0.00544326 0
0.000864015 0
0.999995 0
0.999279 0
0.961781 0
0.000917002 0
0.757344 0
0.0349642 0
0.3969 0
0.0615833 0
0.77786 0
0.841213 0
0.617753 0
0.0617842 0
0.996634 0
0.15311 0
0.00231366 0
4.15809e-05 0
0.0102761 0
6.91396e-05 0
6.08704e-05 0
0.998304 0
0.573926 0
0.00236329 0
0.388923 0
0.967757 0
0.0601756 0
0.718459 0
0.14622 0
0.919611 0
0.220452 0
0.257672 0
0.806192 0
0.00249616 0
0.00680808 0
0.293416 0
0.00860354 0
0.278293 0
0.181359 0
0.993243 0
0.0195226 0
0.000211198 0
0.943441 0
0.959938 0
0.0954994 0
0.966997 0
0.196907 0
0.000230593 0
0.609084 0
9.21744e-06 0
0.000260554 0
2.9504e-06 0
0.00596893 0
4.59809e-06 0
0.0450118 0
4.63783e-05 0
8.97417e-08 0
1.5297e-09 0
7.20142e-09 0
1.22417e-06 0
1.25813e-05 0
3.5225e-08 0
0.000167992 0
2.13268e-06 0
0.00247215 0
9.69861e-07 0
6.23175e-05 0
8.28241e-05 0
0.0647939 0
2.49645e-05 0
2.6498e-06 0
1.64157e-09 0
0.00104271 0
6.8166e-09 0
3.70533e-06 0
2.79246e-05 0
1.26587e-06 0
0.00064171 0
0.000234267 0
9.45954e-05 0
8.91243e-05 0
0.00036587 0
0.000174836 0
4.02651e-06 0
1.10685e-07 0
1.53861e-08 0
3.89352e-06 0
4.56669e-06 0
0.00469705 0
5.80614e-06 0
3.38639e-06 0
2.2779e-05 0
9.89087e-06 0
8.52931e-05 0
1.19914e-07 0
1.62015e-06 0
3.59383e-06 0
0.000610185 0
1.92162e-08 0
1.05402e-05 0
0.000466573 0
0.00259863 0
0.00136432 0
0.00060772 0
0.00152013 0
0.00014781 0
5.70374e-05 0
1.6894e-05 0
0.00121247 0
0.000251606 0
0.0045009 0
4.18546e-07 0
1.42948e-05 0
0.000547086 0
0.000277259 0
9.59012e-10 0
0.0041417 0
0.00280881 0
3.97301e-09 0
7.14159e-10 0
1.62193e-05 0
0.000368064 0
1.48678e-06 0
3.24063e-06 0
4.87957e-05 0
3.92289e-07 0
1.2738e-09 0
0.0865799 0
0.10671 0
1.67842e-07 0
2.26605e-05 0
1.30111e-05 0
6.81205e-05 0
0.000112099 0
0.0012298 0
1.47315e-08 0
5.6528e-07 0
6.18148e-08 0
5.69109e-05 0
4.46501e-06 0
0.000236127 0
0.000128604 0
1.52453e-05 0
3.13237e-07 0
9.22699e-07 0
0.00251922 0
0.000125953 0
4.11535e-06 0
3.90038e-08 0
0.000142916 0
0.000209433 0
0.236553 0
0.000796429 0
0.747019 0
0.233492 0
4.18513e-06 0
0.672037 0
0.0117932 0
0.499895 0
0.468 0
0.977006 0
1.7766e-06 0
0.512143 0
0.889627 0
0.32393 0
0.00719446 0
5.80749e-05 0
0.9838 0
0.943921 0
0.00097773 0
0.0387749 0
0.000270986 0
1.15249e-05 0
0.00276733 0
0.226041 0
0.547871 0
0.0125299 0
0.541124 0
0.106693 0
0.0283581 0
0.276252 0
0.12097 0
0.0137404 0
1.54033e-06 0
0.662236 0
0.364092 0
0.75442 0
0.199159 0
0.0199841 0
1.31847e-06 0
2.37852e-06 0
0.00917117 0
0.00454678 0
0.115097 0
0.00136961 0
0.226249 0
0.0399613 0
0.00112004 0
0.00289894 0
0.0429885 0
0.879745 0
0.426849 0
0.0428313 0
9.66288e-05 0
1.40586e-06 0
0.000486966 0
0.0873282 0
0.433626 0
0.821368 0
0.000816949 0
0.0140164 0
3.10766e-06 0
0.00617017 0
0.0036222 0
0.0183786 0
0.00168997 0
0.0272902 0
0.721571 0
0.15725 0
9.58965e-07 0
0.022581 0
0.000651482 0
0.0265696 0
0.000911101 0
2.87896e-05 0
0.681128 0
0.0876124 0
0.00741797 0
0.115748 0
0.000748497 0
0.00234484 0
0.232421 0
0.169365 0
9.66288e-05 0
0.00224435 0
0.00049231 0
1.42555e-07 0
0.00745855 0
0.417435 0
0.185641 0
0.000148927 0
0.297667 0
0.0632476 0
0.671593 0
0.416978 0
0.04334 0
0.00369562 0
0.000964863 0
6.82731e-05 0
0.0848819 0
0.78994 0
0.479724 0
0.00676092 0
0.0516513 0
0.184025 0
1.1346e-06 0
0.000285994 0
0.00100402 0
0.000202589 0
1.11179e-05 0
0.17829 0
0.984485 0
0.0904928 0
0.0106653 0
0.0249548 0
0.00297261 0
0.0127599 0
0.04444 0
0.000172177 0
0.00165883 0
0.0389969 0
0.0856705 0
0.00160703 0
0.491793 0
0.730978 0
0.635786 0
0.109886 0
1.93966e-06 0
0.000247742 0
0.0484965 0
0.030939 0
0.351998 0
1.41555e-06 0
0.00136961 0
0.140877 0
0.833963 0
0.00737964 0
0.576547 0
0.268822 0
0.0775245 0
0.0522862 0
0.0691964 0
0.192654 0
3.04435e-05 0
2.75648e-06 0
0.00622239 0
0.0323905 0
0.446766 0
0.222723 0
0.9519 0
0.000370045 0
0.950535 0
0.181844 0
0.524431 0
0.0497289 0
0.326719 0
0.00722968 0
0.618037 0
0.021467 0
0.192541 0
0.0426399 0
0.557194 0
0.00674474 0
0.434331 0
0.000123396 0
0.304968 0
8.55471e-07 0
0.0287793 0
0.383019 0
0.0124553 0
0.00233176 0
0.00359322 0
0.0860412 0
0.355386 0
3.3843e-08 0
0.764229 0
0.986779 0
0.994742 0
0.138973 0
0.0506108 0
2.84148e-08 0
3.57687e-06 0
0.033993 0
0.556287 0
0.00967222 0
1.26147e-05 0
0.00207547 0
1.03249e-07 0
0.0997554 0
0.00478386 0
6.73274e-05 0
0.0941623 0
0.00432498 0
0.781859 0
9.45552e-05 0
0.000448492 0
0.520551 0
0.0725108 0
0.0566048 0
0.347045 0
1.9199e-08 0
0.864292 0
0.859644 0
7.14588e-07 0
7.43049e-05 0
0.254663 0
0.798459 0
0.007984 0
0.00237867 0
0.0595898 0
0.729755 0
0.0455675 0
0.291894 0
0.0579829 0
0.324796 0
0.755836 0
0.00081628 0
0.668493 0
0.0838942 0
0.00136136 0
0.241837 0
0.30249 0
0.0387598 0
5.15927e-06 0
0.00491525 0
0.000315099 0
0.0321614 0
0.00353258 0
0.264174 0
0.694186 0
0.00322105 0
0.000695781 0
0.00427573 0
0.00427473 0
0.0606855 0
2.36285e-05 0
0.00310713 0
0.101479 0
0.572119 0
0.0431335 0
0.000929121 0
0.162688 0
3.9259e-06 0
0.33624 0
0.0262847 0
0.527904 0
1.30959e-06 0
0.152971 0
0.0161484 0
0.74371 0
0.179803 0
0.0825503 0
0.101019 0
0.00526705 0
0.779371 0
0.0647385 0
0.00381762 0
0.000340644 0
0.0915371 0
1.94784e-05 0
4.47558e-08 0
0.00173257 0
0.110248 0
0.374503 0
1.37471e-05 0
0.0128332 0
4.24346e-05 0
0.173685 0
1.89842e-06 0
0.0426384 0
0.00401251 0
1.63054e-05 0
0.0357972 0
0.373031 0
0.0481977 0
0.00447458 0
0.108318 0
0.00607792 0
0.00614386 0
0.282635 0
0.941293 0
0.618153 0
0.195874 0
0.0147076 0
0.00958735 0
2.92899e-05 0
0.262886 0
0.687872 0
0.528265 0
0.00390601 0
0.994742 0
0.559763 0
0.387497 0
0.0515266 0
0.0424348 0
0.0445265 0
0.429701 0
0.128993 0
0.000901534 0
0.946942 0
0.0441732 0
0.186813 0
0.77928 0
0.157053 0
0.000253851 0
0.100253 0
1.63822e-05 0
4.45902e-06 0
0.00958853 0
0.0103559 0
0.245843 0
0.527352 0
0.218233 0
0.028158 0
0.00246905 0
0.0538422 0
0.0155632 0
0.0302672 0
0.0161807 0
0.405255 0
0.000320467 0
0.0121561 0
0.0269911 0
0.124704 0
0.00453841 0
0.00037181 0
0.0116715 0
0.048624 0
6.09393e-05 0
0.396949 0
0.00330668 0
0.41546 0
0.0064367 0
0.706407 0
9.41616e-05 0
0.855015 0
0.000181385 0
0.624734 0
0.0919984 0
0.0341941 0
0.0254817 0
0.507896 0
0.0176569 0
0.0892542 0
0.189141 0
0.0637999 0
0.0150016 0
0.00387608 0
0.340353 0
0.0855668 0
0.00286548 0
0.0124314 0
0.0336944 0
0.00691132 0
0.00208703 0
0.00254956 0
0.00802639 0
0.18004 0
0.0246692 0
0.202246 0
0.308494 0
0.00956793 0
0.688597 0
0.955228 0
0.222145 0
0.0131983 0
0.890602 0
0.836735 0
0.055574 0
0.0439767 0
0.175046 0
0.00352712 0
0.0109008 0
0.00136362 0
0.0634307 0
0.0120257 0
0.00824241 0
2.36469e-06 0
0.35012 0
0.421535 0
0.0217493 0
0.375854 0
0.492329 0
0.000456613 0
0.425708 0
0.00203987 0
0.00397019 0
0.000283647 0
0.0044293 0
0.0495963 0
0.0170502 0
0.0053408 0
0.0171725 0
0.559545 0
0.00621125 0
0.0045433 0
0.914729 0
2.93307e-06 0
0.00217284 0
0.00142262 0
0.000742097 0
0.000140321 0
4.57398e-08 0
0.00026409 0
0.000611435 0
0.00067972 0
0.00021055 0
0.00601619 0
8.99954e-05 0
0.000249333 0
0.00044162 0
1.04911e-06 0
7.44431e-08 0
3.51914e-06 0
0.000566289 0
6.21044e-07 0
3.36725e-06 0
1.08517e-08 0
3.63629e-06 0
2.71483e-07 0
1.85823e-07 0
4.65679e-08 0
0.00420525 0
1.72093e-08 0
0.0659509 0
0.190646 0
0.00146491 0
0.439229 0
0.0135385 0
2.07274e-06 0
0.0197267 0
3.58161e-09 0
4.66562e-05 0
9.91823e-08 0
0.000406836 0
0.00215483 0
0.000298641 0
3.47826e-08 0
1.56666e-07 0
1.97113e-07 0
0.0103218 0
2.84798e-06 0
0.658896 0
0.0580174 0
0.222046 0
0.265997 0
0.00887489 0
0.913308 0
4.58318e-06 0
2.7943e-06 0
0.0134401 0
0.000167062 0
7.50068e-06 0
0.839114 0
0.00384544 0
0.349954 0
0.011148 0
0.00828344 0
4.13414e-07 0
0.00867416 0
0.0025797 0
0.00594834 0
0.240697 0
0.575278 0
0.00187765 0
0.000409252 0
0.292399 0
0.128061 0
4.78761e-05 0
0.399228 0
0.0137859 0
0.324004 0
0.000150521 0
0.0150683 0
0.0078467 0
0.0249172 0
0.106205 0
0.0359994 0
0.120725 0
0.00539688 0
0.870853 0
0.246726 0
0.00761299 0
0.984278 0
0.0353194 0
0.479356 0
0.00109637 0
0.00989671 0
0.0336953 0
0.399491 0
0.00808223 0
0.422276 0
0.0118091 0
0.876746 0
0.356579 0
0.00608297 0
2.78065e-06 0
0.000385724 0
0.00121128 0
0.752179 0
0.00728867 0
0.155405 0
0.10859 0
0.604964 0
0.409323 0
0.0842437 0
0.0304391 0
7.98991e-06 0
0.0946775 0
0.372076 0
0.469127 0
0.765684 0
0.233413 0
0.669261 0
0.749508 0
0.0848154 0
0.0268971 0
0.474023 0
0.0771726 0
0.25887 0
0.884063 0
0.00514237 0
0.138846 0
0.00198696 0
1.2663e-08 0
0.00278623 0
0.0848494 0
1.37101e-05 0
0.000913769 0
0.0218371 0
0.00191674 0
0.60261 0
3.90296e-07 0
0.0115115 0
0.994544 0
0.594649 0
0.00793178 0
0.000953842 0
0.976068 0
0.00217589 0
0.027083 0
0.634866 0
0.00559535 0
0.00932709 0
0.0169952 0
0.218208 0
0.163286 0
0.00840104 0
0.3554 0
0.042545 0
0.0109198 0
0.157593 0
0.336088 0
0.0228502 0
0.0696357 0
0.653572 0
0.00167764 0
0.0111228 0
0.0169427 0
0.0692233 0
0.188914 0
0.0925911 0
0.0398065 0
0.0255863 0
0.00154156 0
0.000733786 0
0.00131156 0
0.0102072 0
0.0184074 0
0.000233669 0
0.00450148 0
0.926201 0
0.00212406 0
0.00507989 0
0.00026987 0
3.5974e-05 0
0.0679469 0
0.00739514 0
0.00303171 0
0.00464373 0
1.07649e-05 0
0.515042 0
0.638907 0
0.876067 0
0.000302825 0
0.00019953 0
0.123611 0
0.596332 0
0.077806 0
0.23202 0
2.27463e-05 0
0.317098 0
0.0275921 0
0.00309632 0
0.260535 0
0.011976 0
0.140177 0
0.196435 0
0.00140149 0
0.0469657 0
0.084048 0
0.000786303 0
0.180032 0
0.129886 0
0.0329034 0
0.0528915 0
4.11134e-05 0
0.0130955 0
0.00216211 0
4.04857e-07 0
0.644762 0
0.0391163 0
0.00226779 0
0.00564214 0
0.225419 0
0.818497 0
0.0138582 0
0.0344008 0
0.706041 0
0.85898 0
0.0109448 0
0.00968614 0
0.00852577 0
0.0749511 0
0.0249393 0
0.00104761 0
0.00763387 0
0.0071758 0
0.188855 0
0.0119595 0
0.00218956 0
0.0893732 0
0.438361 0
0.0474339 0
0.392588 0
0.00783451 0
0.0114413 0
0.868437 0
0.300131 0
0.131479 0
0.117303 0
0.998451 0
0.00302756 0
0.661392 0
0.000637122 0
0.0322404 0
0.261744 0
0.0111049 0
0.0533281 0
0.235546 0
1.59633e-09 0
0.000637494 0
0.785283 0
0.00267741 0
1.73312e-06 0
6.27397e-05 0
6.10204e-09 0
0.317005 0
0.119844 0
0.00089514 0
0.0413837 0
0.336726 0
9.69235e-06 0
0.319304 0
2.09949e-06 0
0.453303 0
0.0452075 0
7.41318e-07 0
0.00178206 0
0.00457416 0
0.217139 0
4.407e-06 0
0.13224 0
1.43964e-07 0
0.690693 0
7.83515e-08 0
0.115342 0
0.000510144 0
0.142505 0
0.00628203 0
0.761914 0
0.992671 0
0.545747 0
0.0556283 0
9.65867e-05 0
0.00225805 0
0.00157944 0
0.00016226 0
0.000499684 0
0.000149212 0
0.00890893 0
0.000128111 0
0.000562437 0
0.47782 0
0.0019852 0
0.0694157 0
0.00209108 0
0.00286612 0
2.49461e-05 0
0.00060155 0
0.599956 0
0.000428874 0
0.00598334 0
0.00544785 0
0.000363558 0
0.0130558 0
1.15528e-06 0
0.345875 0
0.000518605 0
0.00969343 0
0.00206386 0
0.730978 0
0.274254 0
1.71378e-06 0
1.6203e-05 0
0.00733674 0
0.01057 0
0.000301775 0
8.5537e-08 0
1.61732e-05 0
0.00641102 0
0.00590949 0
0.0457311 0
